0 -2.8574e+19
6.47473e-08 -5.7148e+19
1.94375e-07 -8.5722e+19
2.58741e-07 -1.14296e+20
2.58379e-07 -1.4287e+20
3.22707e-07 -1.71444e+20
4.51788e-07 -2.00018e+20
5.85893e-07 -2.28592e+20
7.0946e-07 -2.57166e+20
8.38385e-07 -2.8574e+20
9.67185e-07 -3.14314e+20
1.09628e-06 -3.42888e+20
1.16083e-06 -3.71462e+20
1.16008e-06 -4.00036e+20
1.22384e-06 -4.2861e+20
1.35252e-06 -4.57184e+20
1.48131e-06 -4.85758e+20
1.61008e-06 -5.14332e+20
1.80422e-06 -5.42906e+20
2.06413e-06 -5.7148e+20
2.25923e-06 -6.00054e+20
2.38834e-06 -6.28628e+20
2.45178e-06 -6.57202e+20
2.45071e-06 -6.85776e+20
2.51467e-06 -7.1435e+20
2.57859e-06 -7.42924e+20
2.64244e-06 -7.71498e+20
2.70618e-06 -8.00072e+20
2.77002e-06 -8.28646e+20
2.76904e-06 -8.5722e+20
2.70263e-06 -8.85793e+20
2.57222e-06 -9.14367e+20
2.43971e-06 -9.42941e+20
2.31012e-06 -9.71515e+20
2.24349e-06 -1.00009e+21
2.24183e-06 -1.02866e+21
2.17548e-06 -1.05724e+21
2.04479e-06 -1.08581e+21
1.97822e-06 -1.11439e+21
1.97649e-06 -1.14296e+21
2.10457e-06 -1.17153e+21
2.3618e-06 -1.20011e+21
2.55534e-06 -1.22868e+21
2.68357e-06 -1.25726e+21
2.74771e-06 -1.28583e+21
2.87628e-06 -1.3144e+21
3.06954e-06 -1.34298e+21
