0.00277231 0.000384835
0.00464568 0.00035313
0.0126527 0.00186956
0.0146042 0.00178769
0.0357923 0.00547141
0.0379276 0.00534776
0.0696189 0.0108024
0.0719609 0.0106619
0.109577 0.0171105
0.11228 0.0169723
0.151831 0.023784
0.154986 0.023667
0.191674 0.030077
0.195244 0.0300347
0.223005 0.0350578
0.226913 0.0350806
0.241037 0.0378312
0.247014 0.0378203
0.247482 0.0388325
0.253433 0.0388084
0.242445 0.0383608
0.242569 0.0383564
0.22934 0.0362718
0.229447 0.0361709
0.205882 0.0325473
0.205873 0.0323238
0.171621 0.0271262
0.171115 0.0267005
0.126678 0.0199768
0.125578 0.0193456
0.0831805 0.0129782
0.0813824 0.0121234
0.0464053 0.00699902
0.04394 0.00592874
0.0165576 0.00213286
0.0135037 0.000867127
0.000458853 -7.97423e-05
-0.00333602 -0.00017979
-0.00690638 -0.00129241
-0.00964159 -0.00137596
-0.00905924 -0.00170404
-0.0103955 -0.00178431
-0.00971203 -0.00186904
-0.00997567 -0.00187731
